0.2929643136744976
0.24493068904273557
-0.06445526506936274
0.06189384935571998
0.31237342213704133
0.21082664309981122
-0.14733660327629922
0.10419911032453741
-0.061212868060203596
0.3251122926753385
-0.5975854080036312
-0.6039337232412776
-0.3187168193764698
0.11827704802099345
-0.08339940865304454
0.06426180285260005
0.2893033622199245
0.37838384558867166
0.34000837778498016
0.6534637113143452
0.6415024039434447
0.5772221441586605
0.8224981985683251
0.7958052703197886
0.8006474571181565
0.7220847480868573
0.8125993438936451
0.5127850823000765
0.31343491438563653
0.20661097900116562
0.2125420404024277
0.5171429526114192
0.3612058529574265
0.49060272382283177
0.464375931688484
0.2089649287061258
0.5177830988901555
0.359726513749724
0.3293414090884474
0.4822856694051655
0.5770723253919201
0.8446552406641505
0.6543382182567878
0.3227258722976481
0.3236926136022948
0.07324547606820454
0.47538496893423887
0.5265691761022505
0.5261817991576205
0.4237379790670528
0.2934731379183438
0.23529999559673875
-0.08156388209045011
0.3156821511000836
0.08064977269076584
0.22549944703042824
0.2696579389910555
0.04449588929433202
0.7104904407806126
0.5551073189384923
0.6771347693232206
0.014934917997463899
-0.0033613793016487644
-0.04727942622523878
0.16400377583371142
-0.13337636876004405
-0.06576378594274476
-0.3216057858720035
-0.48781721345566487
-0.34800607843827386
-0.08062797645681419
-0.4754456240924596
-0.03446707275230765
-0.04754975003759617
0.45898655121397963
-0.17578447193483468
0.17656017385766376
0.5130560406629379
0.7516604863700085
0.5829085065633764
0.6654767588361697
0.8250674295732051
0.8497474577015097
0.4785348507869922
0.7559993952282025
0.9429085116892006
1.088432600650738
0.9836603940602151
0.9670026701806439
1.0828411582040003
1.0850235640541468
0.9261781551555406
0.7381347185553241
0.8577308405322814
0.13083426154320502
0.29530206242219176
0.5119700238614007
0.6678572225367978
0.6596071124680376
0.5124449982788326
0.6228970632903824
0.6287130573754113
0.8139567747346794
0.5975555050389962
0.7277173091382525
0.9571186539617123
1.1268496382381787
0.9669863094548176
0.9784611805121894
0.8346117158941212
0.9008858670938247
0.7682166364532772
1.0509169750081178
-0.07882628876848591
-0.32863085051262325
-0.37466223458187076
-0.3715658468844424
-0.3052590766401816
-0.16105553783309673
0.13717961213840366
0.24041512833951117
-0.0937419719524876
-0.26556103246146234
0.14753359079004746
0.12086555219389383
0.1788922875697187
0.4247260294926866
0.5526667307622702
0.7466700269163696
0.5066932083384552
0.9854247474142068
1.2483943477364066
1.194515313533174
1.123179253196239
1.189407162097175
1.3099618576908503
0.7228455390532589
0.7915180242973756
1.2335835473881858
0.7671252998617493
0.7862925954044494
-1.11738918648391
-1.2779782524483299
0.3648839104679644
0.7659523982424797
-1.193238465598343
0.5225495434209644
0.25107052390543705
0.9000533353310718
-2.245740774832382
-2.7210361817559714
-1.5615714221302768
-1.0847096067515136
-2.1501726726887456
-1.9122997696150184
-2.5750264466416377
-2.1034308700565103
-2.0942997395952605
-1.8031072399839838
-2.3012663071551827
-3.14587349256911
-1.908588847097521
-0.5820224581753813
0.03141935348978463
-0.08406090324670751
0.23206767075974077
0.6624110371800154
0.5142948028939954
0.8862532315306016
0.9029479426287519
1.0640561831061501
0.9546548716874005
0.4136632152989716
1.1537229267696034
1.2008750986999774
1.0854387585868395
1.0941059790501186
1.2790891635428956
0.6209340026219301
0.9929276684828212
0.6578971016684229
1.0707036790765057
1.1102661558862095
0.043184361985204846
0.7112086783686195
0.8083685054320414
0.9386496649408386
0.20828414868573966
0.5786366794576587
0.4787906233448284
0.616549886892674
0.9272111474962953
0.8249164312421926
0.4748976702041856
0.5885172084938912
0.1068003155808073
0.031526676253239204
0.11198503187124989
-0.8786631663817426
0.051349858347257006
-0.32117844982014915
0.04229442111113797
0.13360525542194593
-0.41116773676312024
-0.5795685495904872
-0.009821992588067853
-0.44046410301707406
-0.1396165150051371
-0.5676994083893564
-1.2781108628999498
-2.7906662752664144
-1.2316062022565166
-0.3993007713078043
0.22740834975291244
-0.02741361281823127
0.3118306016016615
0.3631659516361958
0.32402383642367194
0.4691429980432942
0.4241063939274804
0.6786463687114346
0.8482347537554723
-0.1561169714988152
-2.1649373732897814
-0.5288187952152653
0.5771944682255902
0.48520524758594896
1.037418682805181
0.6558048620020706
0.07505332778645366
0.01166520532877802
-1.208849280299238
-2.0946705475769134
-1.5569419970264555
-1.0342549599619264
-0.6615706249201087
-0.587897432282994
-0.0648693896218041
-0.06715417132452703
0.04471172432867929
0.36330431065920876
0.5273709154543821
-0.970760988970924
-2.254312023284471
-1.661512834559256
-1.386995413646131
-1.006430661617724
-0.39814649923127654
-0.7020944470038541
-0.17337839517437056
0.3731841593458256
0.7197271442728411
0.17957571961242746
0.4086358388028598
-0.9306982381383819
-0.06380041591488056
0.40170854523876304
0.5412147999269796
-0.4007428108033383
0.08222676197778778
0.25986100255204037
0.40625280749945064
0.903609548348672
0.38702750156582266
0.03559647619850562
0.9362677932687491
1.0594549797814463
0.4652527431105018
0.3810145849385117
-0.27667227322610094
0.4177640055243168
-0.32491211269948544
0.06601224834665308
-0.001195949512469409
-0.18649790566612023
-0.5350790097170819
-0.036017188374991405
-0.6255255434869413
-0.7921215550129281
-1.0016194746299556
-0.4467749674215121
-0.8635145240358795
-0.7452938137931234
-0.9404793682697191
-0.5509323212128355
-0.9310096445305847
-0.3980513279358877
-0.008098834330863128
0.10372381557825491
-1.2770990194669158
-0.3643372804081588
-0.6185512068379279
0.14521648839848278
0.5449756892239447
0.08019817597171645
0.32181385332153845
0.23805958859823856
0.6990005181611194
0.7155241868832725
0.8589990607764488
0.5118264698850885
0.6424856038475275
-0.008742014825495373
-0.7304344674717134
-1.5733788658922188
-2.2938141789011732
-1.3098529398040553
-2.3348501670253015
-0.13018990174574593
-2.551893586462267
-1.5452090110596357
-0.421757274375854
-0.513137877601834
-0.13958748429407272
0.2328081454571635
0.2092977975191377
0.5312282046667277
0.5731046556558715
0.4249468269242067
0.33384498083004777
0.12392950144212847
0.31456874182803896
0.5778505338172385
0.8224436249922942
1.2489163434807553
0.18233641448261284
-2.0277335752560925
-0.21556962593518544
0.48039135666050187
-2.28747477590513
-0.10402280841881753
0.31171032187643133
0.350205844944269
0.2926637837716093
-0.09696359650797845
-0.16859887109713784
0.07228090011066135
0.41164370761798363
0.535218570811114
0.40250454710895933
0.28538159410743325
0.08253056271598079
0.6188679536713464
0.8699107609829403
0.5207093891110248
0.7702644871288543
0.9558126263480522
0.6971960154107092
0.5887449480685151
0.38141025570177145
0.4214952650225001
0.2704951326499335
0.3666276306121834
0.7060671417215911
-0.6805657178936051
-0.44468931124783134
0.2541489685214807
-0.5967080135999938
-0.28298949287758335
1.0160334114706415
1.1745571995617459
-0.3819567719358225
0.24093292433119534
0.6376596861613053
0.3700250819103336
0.9203169659508779
0.8118359572887729
0.4695747622911275
0.02301501589621546
0.850348316393325
1.6683392968225124
0.33085390619178895
0.6521147352634293
0.7732594305650559
0.8459373679488842
1.0320755599720337
0.7903245050587725
1.0372109599475188
0.7693618346496929
0.22734211060231946
-0.22440843552074075
0.30172711103210986
0.6047572071608132
0.780075246300992
0.7529975436566245
0.18519830172120738
0.6607795002640687
1.100833663096937
0.7033431662634336
0.7811363959837281
0.8240383191227734
0.4098492141258629
0.6487672607319894
0.5562816960435273
0.6795779764310822
-0.36260724945588463
0.23587666898984222
0.702295239045384
0.7619512022981079
0.5256994749674553
0.031363699201290555
-0.6663887329880442
-0.1502080949314599
0.24861985862185204
0.6023961966967805
-0.19057969584187623
0.06551073718011853
0.07005109175676472
-0.3558784851934799
-1.7002951922608094
-1.3838822960576609
-0.47545740593963204
-0.03796840912142643
0.3283871437216487
0.018734326128288473
-0.602885734360069
-0.41545132368289484
-0.018440945869378333
-0.21199434336827114
-1.7675733752552456
-0.3884538257175888
0.19464927650023395
0.12862581310389937
-1.2900383807069709
-1.2398706632784577
-1.3312623676413986
-0.9979494702109064
-0.5881515699595533
-1.059726179760684
-1.9203737178224234
-2.1988717480281763
-2.2313133249473
-1.6853062537884393
-0.7822250760544239
-0.34738516948895964
-0.03595853820369651
-0.24630444271225152
-0.30719122168775087
-1.2414738530599625
-0.6459136036569817
0.010744222770142128
-0.8134320059614981
-0.6064274381093158
-0.34000668850042465
0.015288964504492596
0.5841423983439253
0.1366903455148699
-0.6451866671707344
-0.20396741555408612
0.32526287419849964
0.670741134460699
0.6700040919152068
0.7183853513223536
0.7630358905426675
0.8155210430550076
0.8812553707308909
0.4623822947668402
0.7664654112923737
0.4427791254899164
0.27165919926354676
-1.065808908922358
-1.9443694726816596
-1.3059179516016985
-1.3546545201416782
-1.7380012609838194
-0.9496693635423086
-0.0018671443716020246
-0.8653596214781643
-0.5283033109607992
-0.5796702135539897
-0.4961003930215043
-2.1176614921426684
-1.1921708313400319
-0.5468757231047796
-0.055464728360540436
-0.2558659682515559
-1.594483266584046
-1.482264732856992
-1.2241914306229664
-1.9593555713494348
-2.027916764306539
-1.2247106987185021
-2.3578059475116193
-2.487722006160949
-1.1376616172972471
0.31356143325051244
0.3313152213811106
-0.009854322976329582
-0.19439460833469474
0.29945641093917474
-0.29889475760629663
-0.008183759903080304
0.5133765006165301
0.6297720472707234
0.4746837415584584
0.7114429625343084
0.4258535507536965
0.6771143317121517
0.5393489180442291
0.4265590010553308
0.41639424500770217
-0.08137924611845118
-1.916826245049715
-0.9810183806339791
-0.5704471507713488
-0.14946819071961853
-0.013859687573144416
-1.3659793813705485
-0.9094323052944004
0.3526704806257962
-0.3629734960280429
0.5451229981131376
0.848930667352686
-0.3737531162169181
0.5568278884902239
0.6534595622868168
1.014193973246347
1.167565721776779
0.944163550344679
0.9486626668929918
0.7253461574710904
0.7251094598366119
0.3849238451943165
-0.48165530949479185
-1.7090221052380388
-1.075136732196358
0.13029653027427993
0.7375650958358937
-1.9024694241839268
-0.8153730427901853
-0.5366236678220225
0.11808764708596733
0.3584040864642007
0.3642314623794982
-1.9480598432851597
-2.221630171666264
-0.39444174783748964
-1.8687369661346684
-1.3172001496370398
-2.062335323673825
-3.0215508576835353
-0.8384939630161055
-0.4032299376977542
-0.9186891632504017
0.00033140904544430583
0.4403232714255265
0.42195169043630837
-0.09040706039913968
0.3551945361628004
0.6108829666168905
-1.407268414668773
-0.30977753113132456
-0.09236371684213332
-0.14049335294968907
-0.6675606674264377
-1.8648536761240038
-2.657814592925911
-1.883184596160669
-1.2757778604163452
-0.6753884195971891
-0.21884283053722361
-0.3892443841332749
-1.9805332157296507
-1.1731386003032789
-0.19029637506620506
-0.0020332568719012706
0.20754720701719537
0.4812641208368892
-0.17489546344807683
-0.8580746999100192
-0.8609153703974233
0.2885183238440066
0.6415834537845129
0.24774636849404164
0.44931335115160265
-0.1428398509406151
0.25514727972840334
0.05108968346747827
0.13653266697373734
-0.1352625973636255
-0.4535259579690043
-1.5301225170974486
-1.9235272363064517
-2.4447383834462726
-2.183657111870099
-1.0777066928710648
-0.9270234116845191
-1.8815915040690405
-2.0538868919819864
-1.0188628173625929
-1.7586660968625931
-2.3041691586735684
-1.6228592783827327
-2.0844799134689826
-1.778705570089191
-0.15275724216090275
-1.030925484467373
-0.4240363214795061
-0.16554767687923636
-1.02862966747287
0.22087693800674194
0.04975858035743711
0.4793835020036065
0.9844197824867856
0.9509483554908198
0.26303407342604934
-0.27485917865050546
-1.1197551716314311
-0.34676274046703315
0.0792867352488889
0.3276238907549213
0.16606762803841074
-0.25605605527107134
-1.1212083605646355
-2.0817903086711453
-0.9356127814424763
-1.0954249704227645
-1.1545420617542486
-0.7701754404785891
-1.5064342992355708
-2.230855523232635
-2.9140592231679374
-1.5652655169351986
-0.9954739832363425
-0.7172047972247136
-2.1232533964241416
-1.0242695820340868
-2.495284788051544
-2.0460088776752654
-2.2154526751997112
-1.138712313764172
-1.3769322121127427
-1.9112612216023974
-1.7764018556093364
-2.0155821911228307
-0.7449254427385792
0.030749904824891972
0.5197984125507946
0.4339286818776232
0.3972326276421642
0.29903446917523674
0.514603974353833
0.22095574130961126
0.3679094347864343
-0.978081246602138
-2.7781217720303473
-1.6046622658921506
-0.5737346218011137
-0.9904492207482679
-0.6798897557501751
-0.653471701760177
-0.2524429795153279
-0.7709067873247335
-1.0273734623056279
-1.1994138145132507
-2.1151782412775204
-2.7933155412161046
-2.6326443532511696
-1.9621992243523836
-0.7907697439540254
-0.37962278812386197
0.17311202524354577
-0.005803676366260717
0.11787554775861332
0.34623732703998983
-0.48033651384005993
0.04103272276431026
-0.009622376704633472
0.5562241499338502
0.2024683214912301
0.6467020935618598
-0.019419861352400446
0.5046911836295492
0.5588076058983766
-0.07143347179415767
0.2988825117948769
0.39816655782351984
0.5439608191251287
-0.5323997865123065
-0.14962085860963018
0.29631717596148777
0.4207239662970026
0.5507100842952011
0.547410578344883
0.22285558327476687
-0.25242727826900135
-0.4535591751510464
-0.32925182672505066
-0.16159393737845423
-0.12847370005436592
0.4038444288269506
0.5102039889237284
-0.2778334973051507
-0.6299634617665513
-1.7378739195382429
0.0010528945472792414
-0.18684833213456625
0.47964892439199047
0.3117905011469586
0.13013678558557137
-0.6062523658794878
-0.8420306857486037
-0.9244680627872173
-0.20844390877234975
-0.41381022283679664
-0.11798680809895304
0.15856697104646278
0.4102792517514938
0.43300325789909233
0.28737407555874694
0.3655372380888597
0.20208656776927808
0.26431128684747296
0.011734208584727443
0.2610770334023842
0.23745234309209365
0.33878288148227703
0.20018825159055423
-0.21745294206853122
0.22571457837695363
0.4139391536585289
0.22111972758596699
0.16581949829053866
-0.03554974204697306
0.40816379126292945
-0.1881076915250269
0.01590653890408295
0.3341173326424932
0.11364144442532653
-0.8968954901618331
-0.4102459146406465
-0.32670572274295456
-0.0812868874482981
-0.036870637802168205
0.00585171080014487
-0.07916506619308258
-0.07063725657819742
-0.1332135862560127
-0.46942972889595413
-0.5903653393203268
-0.37540912793274217
-1.2517145663505373
-0.13252817435440195
0.48142770726543976
0.5862177561215518
-0.11804995743877847
-0.6233310052858435
-1.397680317389268
-0.5235370952486501
-0.1844422604000286
-0.024861992379421355
-0.1682686743191081
0.14909669469824544
-0.4127488926479372
-2.1475554911311994
-1.7253021094849652
-0.6230896812518858
0.16053104549482144
0.08325494482189684
0.48319857917190717
0.05820222415247703
-0.12548042640396997
-0.17510160852178924
0.008840147281929426
0.14904670262562486
0.13330097061624713
-0.5527430057127355
-1.1291617855588312
-0.27951400898555867
-0.3885025976679233
0.05168223922494529
-0.02055500689892919
-0.3474099750938967
-0.07969402364210802
-0.09022502130211546
-2.1630123276986244
-2.0658343852330368
-1.5667700620584215
-0.008032884381599971
0.0777385227034253
-0.12742490502078357
0.3408125698421528
0.4776594270121582
0.5636126394889001
0.20080274880789697
-0.3127174117541953
-0.4639401677551829
-0.17724922525808331
-0.7713951759967974
-2.166025881111862
-1.5176358212922443
-1.2650479010625975
-1.020740172147459
-1.5308902838413971
-2.4304071644572383
-1.528371931750917
-2.1975865977750013
-2.439277081873872
-1.2263228088429048
-0.4038497554415447
0.2823045450925387
0.24972988132260632
0.4568587867818334
0.33309246312511903
0.24620513451175385
-0.6554020260416673
-0.5964033924773416
-0.0064547643382208975
-0.002401124804719379
-0.3956894676160406
-1.7543555275425828
-1.0701187486611967
-0.01045838240179467
0.22399330561406983
0.6868643898622742
0.5432903735539405
0.37311103162879755
0.6279264090245547
0.8237161462917357
0.9945318607200622
0.8504506044311303
0.4232898217242212
0.6819568749397846
0.7943650109852806
0.9276163438295356
0.02398842217605532
0.38404457581462903
0.47180187649580674
0.5784565011162643
0.45053983164091227
0.3579635736961098
0.24308010649509182
0.5174971419610372
0.4778930338188194
0.20785843998901973
0.648945229712075
0.0012892362078757436
0.27540660408975143
0.2226246106982686
0.07882568972529937
0.3591063069600765
0.6575502455179402
0.6560634595533181
0.15674516030588104
-0.29427240892063455
-0.04900654139407013
-0.6176275246283147
-2.059443049833453
-2.4916805887773457
-1.0643561802882773
-1.3908794411592522
-2.6856631089264513
-2.8003841674327425
-1.0549643096144472
0.009100200800382312
-0.26076811263286503
0.1290725130353918
0.3504005871974978
0.3150876605131133
0.3051936492863335
-0.8469169717655802
-0.7659821408933009
-0.21691106043188285
-0.07543215038788517
-0.1309520454107267
-0.021487894645510118
-0.5831676100364027
0.0007444938263380316
0.1380166544398017
-0.7300283007761919
-1.7635129236897196
-0.8382314649927074
0.4904039705975104
0.2866725660043718
0.27806821669267745
0.5320932479678597
0.9429448919136597
0.3494991631119354
-1.3576847734253195
-0.4249064373494339
0.07235464297271887
-1.237866265772361
-0.23723143494401802
0.16731348666974835
-0.05737438205204204
0.3670972291389105
0.3002175765247034
0.2649611266759391
0.42951530234961055
0.4119497065426668
0.30039769792678717
0.047315929245107226
0.4474709118752887
0.023311841802206232
0.08740599363845264
-0.10715629021080664
0.18774091570757392
0.2328428236160562
-1.5120433030168707
-2.615894476970152
-2.3930088500668414
-0.9678263315437201
-1.4949624161346857
-0.17703020136548986
-0.1805656105549877
0.3589124828642779
0.16256972567450315
0.3308704363158217
0.02358344448073774
0.08088401104237075
0.05598556670703229
0.16460911835959993
-0.8803035109598205
-0.333847702723786
-0.4559381246950154
-1.242671015490294
-2.2191165984463392
-0.9719915136520478
-0.22356593200394276
-0.6633370174540643
-0.49347119870654504
-2.1139854020056066
-2.2481945543368553
-1.5150253126120266
-0.22440137357552534
-0.34725888153081613
0.0742253221573223
-0.3552411139355107
-0.31722521131293746
-0.22089723008642623
0.03731653971246571
0.2125103479419851
0.3362720825243139
-1.3862306757801293
-0.4378096369064898
0.2558256915508224
0.12088824744170805
0.42745054248250747
-0.17482790405605692
-0.4083145917092127
-0.5265818819137577
-0.7860963743345691
-0.5055086077980347
-0.32312283652412527
-0.32701542488455215
-0.7214457959491245
-0.1573234685586269
-0.23002811565017775
0.35465308546402685
0.8200492905773274
0.7195859153553041
0.759818373346277
0.5998909736556625
0.8876870588758654
0.6599327611634774
0.1095975214748331
-0.03181879742950361
0.04363220773953139
-0.6751833528216838
0.14432651409767122
0.01453771911504479
0.13707740123316306
0.555043972000272
0.675920505721669
-1.3541096925572529
-1.8344195539063706
0.1468373648958486
-1.2534893115020458
-1.2417228099835442
-0.5845673646577303
-1.09900836064491
-0.8767755587298807
-0.21563231699960553
-0.07538472258342385
-0.18521004670506389
-0.698084567920929
-0.9646083265236969
-0.46395045762256854
-2.0001365755770038
-2.493618051240741
-1.6056662596267535
-0.15418052315077316
0.3526906605130435
0.029104460328669934
0.29500264306780444
0.42451512091258925
0.6330480437299602
0.488372219862471
-0.15627377013583016
-1.27001144918578
-0.15075208720895905
0.34538114451930246
0.27831559109716486
0.1060607475071784
-1.0455825511098755
-0.32527109952764993
-0.316099790597516
0.23015220422310317
0.49647008923565145
0.15803060900380778
0.5445856220881236
0.37403636164625104
0.3988875267175367
-0.032609447349769116
-0.5644722656331608
-0.4114661806742853
-0.5990500568417825
0.09942904562858643
0.039256516678154656
0.4505047611697755
0.05189817688597233
0.431709158139282
0.7855768398059523
0.9863865356949133
0.7330235582180362
0.8442248484773209
1.0846794261827215
-0.5241028365371081
0.534528072064102
0.37440741223559393
0.6542830684613881
0.4050896254656215
0.033640393222353675
0.487167389581693
0.08434560233062524
-0.16275750526668578
-0.3819467129443619
0.011569183662669756
-2.3115254150720026
-1.4828320804963617
-0.23928326051678783
-0.2775175064604687
0.2218698772881211
0.36234772503237167
0.6938196570953106
-0.8936145916644065
-2.151612924912619
-0.9498600443240607
-1.6315472837756813
-1.7344355689624442
-0.40946345202538686
0.3254466956346749
0.6491900669383726
0.4205760915874907
0.31276428861887245
-0.459698242738917
0.0467902547033071
0.3608951554229451
0.3482219712427273
0.29343783734344736
0.49468182236758984
0.75060426566861
0.3551077904602796
-0.1795598953184882
0.17888882068304923
-0.8519008080779475
0.08827386700624729
0.35303280319944125
0.016909428413268444
-0.6173196515408576
0.4125467011211077
0.5289013625456115
0.2896933402366738
-0.5839629498680942
-1.0482299316221602
0.5399896165480389
0.9931999092590122
-0.3009503090063567
-0.4794443984616108
0.26275019754257667
0.6995174461305035
0.7356883156710243
0.5268700850988
-0.585977253669556
-0.10798040151121102
-0.09054315125775542
-0.09137812012289642
-1.4276621886578533
-0.1380988108276921
-0.17516198130287852
0.3310156387386089
0.1286509662650604
-0.40401595313704264
-1.2150348159806201
-0.09736144197171773
0.5575235548296849
0.5112210971677125
0.38107253084360654
0.7190667405105056
1.1390853055213088
-0.39357096346173065
0.2710766111431509
-0.48733162737675517
0.3386517786709355
-0.2987881621379836
0.907535572506073
0.8293125927286967
-0.5915237095984739
0.2580877910815541
0.33167884730098035
0.12089315142164969
0.35729003674529464
-0.2877473650516228
0.8989410390245491
1.1843276331414518
-0.04262632515649075
-0.551410610198465
-0.8676679881466647
-0.9778973153372038
-0.5967562374543454
-0.6019552687774035
0.0017315140667826558
0.07209841943758041
0.29554820124918985
0.22740371963973738
0.13772758314085315
-0.38943786507274236
0.3391802537718498
0.19954452051744326
-0.12801819813806278
0.38964842241318787
-0.014219719214456698
0.6451245217656554
0.07065654408204368
0.7053359746797129
-0.3222750274943449
-0.4242085466362772
0.15560397773785276
0.07380280420310127
0.18555464353839704
-0.22252184813180845
-0.4294264297707332
-0.09479297389158119
0.357109115209705
0.465720365758464
0.8299591383219798
0.6766084819387681
0.38203345293355373
0.7394047274638433
0.7349746901076581
1.1249155033614224
0.6427731059238196
0.7885604343676627
-0.9671539749440364
0.04980121265527507
-0.5468740938026676
-0.07204061088192107
0.35434359933688975
0.5517460848119476
-0.11877046461724902
-0.6840131247393519
-1.6497537424310629
-0.6941216467040753
0.1555533177337723
-0.09811988178506453
0.1520163950730436
0.34823703719180404
-0.17270522479951506
-0.20098469284910114
0.03255852476494424
0.2241405628429736
0.1404660824384498
0.5418444543865388
0.3200319221122069
1.078283895148676
1.013686096277561
1.165157377540519
1.0794729862766461
-0.21284403791021983
-0.32229838986301457
-0.2520253832541735
0.05651123087469542
-0.16914807338111884
0.3409810878676842
0.719544692997772
1.0552206020363326
1.0909609052602818
1.0553830630044416
1.1075289102595853
0.5099005974014095
0.8936093844697137
0.8874101806340793
0.657622061759149
0.4994682807568328
0.45267693617608684
0.2408301713480535
0.3466595280857945
0.5457686177858765
-0.4371364691290917
-0.13617281252195917
0.12670875589185043
-0.43601415023525053
-0.3425653551801929
-0.394263662273417
-0.11641678075858972
-0.7265769726265946
-0.1695502966511613
0.07350900691509182
0.31377102481145747
0.16734357721879356
-0.26427646535260796
-0.053572852889522696
0.09157776954988923
-0.37769244659088025
-1.0838458542506813
-1.693984988701505
-0.87089607337833
-0.780431248179178
-0.19370063403895305
-0.30444739564694046
-0.3549778528900336
-0.5040317130658496
-0.5103493302631426
-0.29541316202740114
-0.003697798827433884
0.0597251840391418
0.3567565142033233
-0.17243319261926338
-0.10866406471337334
-0.1515077131651208
-0.3323727952169918
-0.23618518050359208
-0.5591223113429824
0.40732964098426183
0.5750790790740921
0.5291958718600951
0.5085810128790573
0.5481374261075244
0.13569136683981725
0.5297638976275882
0.3336923478957639
0.6006256437000128
0.7225265054566546
0.41463555487425663
0.4695091651170801
0.46188231168317745
0.2974344404378894
-0.341904197738211
-0.3069264612174195
-0.003234524850293066
-0.30866368015747536
-0.10427121556093455
0.014784991408603912
-1.4392152437479033
-1.5889720252915875
-1.89560832270885
-2.0984173638064574
-2.014147306204001
-2.616140900546366
-1.5969519206225449
-0.6013544442765033
0.10980067833553223
0.2120446890323449
0.3853187868399267
0.2860997761121693
0.37156293424355136
0.602296223087605
0.6686949160114306
0.4359485980618082
0.2664708477937297
0.23400356961241692
0.0324264718835741
0.3901062432987443
-0.15135250133732653
0.042641364024443136
0.47317828647265925
0.3353721602849004
0.19206218372014341
-0.44535577065957355
-0.20765795629293557
-0.023065938614840367
0.4871811636179354
0.4876461678947499
0.5252488951094036
0.580929583228839
0.4837086247909263
0.40791987409790864
0.6643353866286168
0.5318555000766332
0.10326641456198876
0.10732852609375265
0.3376515015800751
-0.4022845203663333
0.14538883343258843
-0.2651550233048976
0.06047390569049273
-0.6625557294980817
-0.26550466307026127
-0.14356963044930943
-0.6298648579966287
-0.1616612751697001
-1.2940888733858538
-1.8488581395762709
-1.4294546734343503
-1.828316650301824
-1.523471378927461
-1.566860682701479
-2.4121827655220422
-2.383535572998829
-2.3267101364878884
-2.721568062490878
-1.7108521957887244
-0.8035562635474359
0.11774726832680338
-1.387727064398579
-0.39115362401089254
-1.5079134125753555
-1.5992874373014128
-0.6118766431580742
-2.3288674424529425
-1.5810525267235032
-0.6366907381260167
0.13407609028480824
-0.27244500190767873
-0.7673929246734544
-0.48511956596058886
-1.40077213790599
-1.381786742781059
-1.0344701639587734
-0.7422500800683987
-0.799723735215581
-0.37959321062415446
0.034159027298293884
-0.07281495898253504
-0.19346455525794706
0.1492635894217664
0.5034481168808074
0.6247674801010352
0.26220808603219337
0.12178455089193435
-0.03943697293829823
-0.19838875922354948
0.1159055738288711
-0.016016362655306683
-1.591649782255188
-2.025240148043752
-1.0920736297885845
-0.15167518164552868
-0.4802261330645918
-0.32365734084000014
0.2947429799080664
0.34410198667707664
0.3678602458647855
0.5277430233250924
0.5150202820287395
-0.6094108627621291
-1.5032455242688254
-0.26974186449567145
0.15395455891076043
-0.9669862188734067
-0.9884528792414471
-1.3558123003701181
-2.050981829628654
-2.144206751793847
-1.4137434063084289
-1.343405221153573
-1.1982239688454683
-0.8758090484092576
-0.5432361155845841
-0.13434536494365093
0.24981240020524237
-0.49296726959490866
-0.5844198016287097
-1.220558946220743
-0.7610640934859861
-1.0919037157738303
0.0013345456605949463
-0.06557191502107683
-0.5538247575355255
0.09492178177335223
-1.1996069216479281
-0.2111537401847804
0.35732282232427237
-0.9218598098738923
-0.8628778609805782
-0.5630137180924883
-0.2549877225836464
-0.6284581779646417
-1.601802235589452
-0.9900202494204626
-0.4804914419417853
-0.5288051466761319
-0.6632304616251359
-0.18198810407213617
-1.5761397746602412
-2.031007154690352
-2.5282968462410462
-0.7303161906560318
-0.07538427866927955
0.4048263078587074
0.8497080959959977
-0.09021815284800383
-1.2087359758245735
-2.3801812306926937
-2.772566802837117
-3.3560851861817245
-1.7354371769388406
-1.5978843038075494
-1.2964950231393486
-1.4698359252006408
-1.0265714814588724
-1.7892532868087263
-1.164753375898625
-1.8097986176106708
-1.47252912174261
-0.2993087902150441
0.22758681004398773
0.041854447647330796
-0.2937760013114308
0.12264419590358079
-0.9642660985518796
-0.40795151546300434
-0.1368266180422603
-0.7013965395166232
-1.1810397884887776
-1.289369743591887
-2.5487339611722
-2.4246868935683916
-2.209004339099076
-2.1510480043518605
-1.659821182167415
-1.0546622883643795
-0.8748507593836138
-0.5636490313706489
-0.9082269783032222
-0.61256480252683
-0.12486300616401175
0.38141158672237324
-0.921680110104425
-1.4276799636599802
-1.8571462122772073
-2.055981533471492
-1.0879849752799542
-1.2138016144183945
-1.7688840125696343
-1.5325571804652753
-1.9036736433616173
-2.353206077288382
-2.17003721836255
-1.8366399497624937
-1.4124959815548896
-1.676662420231229
-2.2351557641265147
-1.80869007074243
-1.1974937961655088
-0.9226079167754857
-0.7116500890511503
-0.9596968527702573
-1.7025765696853274
-0.47053168217421376
-0.20723303301875798
-0.026741503834370704
0.10985677693841532
-0.14203068180909986
0.22815720451990174
0.6874003346770851
-0.05116866326331958
0.4890723221195883
0.8434431028198064
0.6079128270189721
1.146003615585528
1.2426606522808632
1.2377081963408763
0.7829157882345175
0.8587817761026978
-0.471737761635429
0.2899348929568477
-0.5510642838755947
0.5950051670867165
-0.11503385827646244
0.16243885373347589
0.3677035287001956
0.7544068806572319
0.5633652424167306
0.07338477437765625
-0.08384392391243117
-0.89387610634057
-0.22406220712889394
0.5797271045446696
0.015692790012725145
0.37377132941723723
-0.14157120537294554
0.3478195963509003
0.736860724154097
0.7473193711863266
0.6155448222095662
0.7290182773308859
0.6045630436478788
0.7685575586292224
0.4203469816479619
0.7528331655327734
0.8169786489033912
0.6034341883808634
-0.6992927607427608
-1.3133926599766934
-1.7024436893371553
-0.8615216824337635
-1.0006578616158661
-0.5153172250094668
0.36943631377237324
0.43195752583937835
0.5704491621714712
0.5862737925664474
0.501757875525469
1.203049190127354
1.070887413042418
0.4433818889635074
1.1686297404323913
0.5866002372704003
0.7136586746537852
0.8544708833605206
1.2982793683441376
0.9930924256984198
0.4529343658244251
0.8624890539776182
-0.4508425622435641
0.04477375309813138
0.5191513667990846
0.7389160754889661
0.49202537785223893
0.40407831843767517
0.2580410745091058
0.23805240782905254
0.22265764277820202
0.4713781790896477
0.252606135125627
0.8329812767977661
1.0881873647088787
-0.22711199645207655
0.6452091675158971
-1.3175139876399369
-0.45504587410870967
0.3626914539515984
0.7262268937917333
0.6554386679208242
0.9292210272012894
0.7716036929854676
0.03613313823932042
0.4076666934612887
1.052885006586051
1.124580242900818
0.8307971254539914
-0.16561464725910535
-0.9736002792495807
-1.998993137775826
-2.3089800445441195
-0.6194548638476911
0.620555465049203
0.7890600248217677
-1.0827837455418803
-1.9845695917383868
-1.7922455472777523
-0.8053525738720709
-0.5384180097665339
-0.3162175184100154
-0.055175359167322455
-0.22858532126257164
-0.07213164517665754
0.5265190108261152
0.3832198977219994
0.4484720521706622
0.4957365233682094
0.4841346167227223
0.8318943247696302
0.5231705782417139
0.659527528911805
0.8914336984939248
1.2690135392447193
1.016791398175355
1.196043162741499
1.1790998051843324
1.19879041935064
-0.19196036849591286
-0.15367588906701352
0.1941510213345911
-1.3474109970140442
-2.0177447651800406
-2.546295256894177
-2.8212998007723495
-1.0164317544787647
0.175693459731671
0.7960652273220079
0.8158404093847157
0.928411264190925
0.9620145255779631
0.9887062154215823
0.9204317180758208
0.8698967334522969
0.890400477902838
0.9312360874711528
0.27602974954959436
-0.17710595486721137
-1.1463207305974281
-1.5944907501728853
-1.9485877856665803
-1.6503291579660222
-1.0588999129427212
-0.7402794524116327
-0.508446464090822
-1.6833431854001761
-1.0503893607497026
-0.19092265934435226
0.31342360514596873
1.0006107718944528
0.7135690155761736
0.3757731873896571
0.2998549359169955
0.18532599269204705
0.06633111351519055
0.07558689489335825
0.6291075985680649
0.49860049266214224
0.57224649565237
0.2742527878692242
-0.5727329536978364
0.5198073939216146
0.8028528390688169
1.1323704586453933
1.2954452385710105
1.380876306197062
1.2956507446327796
1.3978417984065075
1.1361737772934268
1.439897382375607
1.3323099312664568
1.3900863799539047
1.4139902743108808
1.5600171277655792
1.420882654449161
1.501096441367786
1.57184143788726
1.7389777416748802
1.5878095083044859
1.625085892725796
1.7474833043357747
1.7041769010965007
1.223187076503873
1.645452820342613
1.523392767743236
1.2164041504312764
1.4347066743112593
1.3488324233065638
1.4785037181809373
1.549975228266395
1.5765337541470181
1.4884530229441704
1.6638273404127424
1.1807132892790924
0.8115313168369692
-0.04235945970582803
-1.665358503989897
-2.2063413842627186
-1.435929247849994
-1.9949244392394203
0.1840071608334241
0.934232263496402
0.8855723079504816
0.49099948721992326
0.825475321051805
0.9597313045973792
0.9914108210663675
1.0406433479054142
0.42662957817086766
0.36013428078521376
0.17573807039141687
0.24394139882082652
0.6811504073813492
-0.13651286977817362
-0.5183761097394192
0.1619441888438258
0.6358455641407094
0.9364257843048404
0.4537213199094437
0.5778080216329166
0.520706321076645
0.8511819195979449
1.012142266722508
1.2261581370303611
1.4038384636898573
0.4874617002530119
0.9565476951850368
1.510017601048849
1.398957490727764
1.0586389896058286
0.8176671649147306
0.7943341845735052
1.066599403594035
0.8928540266121223
0.9915345843083068
1.1460866670181953
1.2198680264801425
1.1988950847690014
1.2469631416972742
1.2592456857067567
0.5199835280757557
0.6213684453306371
1.289134498101668
-1.594854117916872
-1.3921126560971118
-1.2449272497927095
-0.22205291431481514
-0.8471946986121566
0.22661345928456844
0.4544986471172322
0.12037624826040903
0.9123337823168808
0.9228393976737014
1.251869736221292
1.4532845317540457
1.5141516997037816
1.1947055540748215
0.5884209216828569
0.6276593558756319
-0.7107548819863657
-1.1843577188000387
-2.0507608001090323
-1.8526544746026143
0.28013881228818804
-1.6752485208233183
-2.013451234829983
-0.8143111693784586
-0.5865769126512433
-1.6528174666290611
-2.6048109477931245
-1.9833114918830284
-1.2407314978497057
-0.4877360172829668
0.14765860513529117
0.25476654325637554
-0.13515112211805347
-0.47384823548884253
-0.6251770766861848
0.047528118545380756
0.5445272784551551
0.7949331597844643
1.055574861971242
0.95795466859352
1.102499020399038
0.9897065516547261
1.1367977859724818
0.2957717461842992
0.5713534460971568
-0.2755850592902289
0.4062802318026965
0.5625670567788044
0.31316824625701684
0.6775384065478353
0.9675404436450636
0.9722282485731137
0.3539443069423483
1.0264777509306713
0.7777167955485957
0.7620369085349583
0.16753870528316492
0.2905319260178265
0.1087023807325303
0.1738936008761677
0.22782334821313435
-1.3081070965811743
-0.9549006514496969
-1.953769227169514
-2.3064765436595698
-1.3489150310142415
-0.7677589917238732
-0.3167756663191217
-2.2832654882934937
-0.9250997224047923
-1.041825327994872
-2.2821616115948515
-0.29451304139375695
0.1454816750653307
-0.35361243116001406
-0.22625186743305153
-0.7445795426192963
-0.9362583033912731
0.1305290219539449
-0.824393398002214
-1.1499641580134343
-1.908124633483357
-1.0564267131409069
-1.578218560797038
0.02301527923009669
-2.3925671028537456
-0.7079579860142736
-1.5228745067368255
-1.4813438129908063
0.04372566195830409
1.1951373853588148
1.2771120558716893
1.3874140379685704
1.121231234963691
0.9068917534300864
-0.38991689221654147
-1.2207760164041792
-0.6709392953244792
0.06446046026406271
0.9425031430911186
0.9495950660703221
-1.3609368304960705
-0.2787350430977462
0.34809472055712204
0.6411429431924951
1.0534463065126176
1.0711181607799871
1.1012754887738043
1.2636388568760002
0.814912086602356
1.1603936446569374
0.856942012395039
0.7839136640740473
0.7404512841373412
0.7843255937290854
-0.5648179409582785
-0.19307271759365482
0.5119142765092551
0.9411963235038985
0.39581775138331476
-0.29781235854555393
-2.6847005791637506
-0.9977018756410866
-0.1629044034739479
-0.5233227966960114
0.9265751835184419
1.0453527437775199
0.881450543272473
0.322301764445016
0.160595941816632
0.18218048036040488
-0.2632967181677043
0.26394439611875464
0.8152379566990228
1.013817144796167
0.3678216373024265
0.5653700274830621
0.7889380133252403
0.6641862418740646
0.42638865549145843
-0.8628745014181597
-0.5812760840679896
-1.6244885097031554
-2.1665979365292425
-2.422357332861419
-0.6862818617692554
-2.2498391803507847
-0.37557027058926595
0.47681702823615657
0.9662622436049347
0.861169176529968
0.6128829809737064
0.5638641173102394
-0.0643359060885176
0.502716304764072
0.706883743806113
0.531847886433057
-0.8234291185743601
-0.5869668404954591
-0.015145051368856015
-0.11384824960127418
-2.444501259758592
-0.5867494635530964
-1.3006726120077043
-0.3565687198164825
0.43117288701446715
1.2106550088258592
1.105242645296284
0.8518228012444774
-1.2954576369714719
-0.49392558229884803
0.3852228352302305
0.041963996796785794
-1.611007088289716
-0.31231778037167396
-0.535882639998847
-0.9059350888874769
0.35447101423317157
0.5620936409562468
-1.506970740220345
-0.8671041430621496
-2.0493534606446486
-1.923213974182002
-0.5502950757989691
-0.6453971019638953
-0.6417028226361016
-0.30497504930802943
-0.16395521967234394
-0.0829808614869283
-0.08201263643215666
0.131089198073768
-0.47410303411406224
0.4064481110922355
0.2744550700040109
0.5435138895994358
0.49280871394704295
0.306177596032618
-0.44740831006183346
-0.04870278894174351
-0.4324972325569892
-1.2701404039229005
-0.26371762785159986
-0.4439634638283582
-0.5115468573818548
0.0015567615219434644
-0.7686318423067563
-0.48937454171571537
0.15320765315948676
0.8599844549286402
0.869573103571537
0.9903607024095127
0.6550597996802328
0.745737594601442
-0.018135708664324443
-0.07745066088043459
-0.09388107292648656
-0.45416671746362697
-0.3795067779496201
0.15515978326352592
0.40675264743908396
0.19007757191160504
-0.43239289276442283
0.020089597353943722
-1.2208904908251403
-2.720666703488549
-2.5590792014467336
-2.6173463991350707
-2.508041263809111
